-9958
8468
-3665
-3498
9170
5725
1479
-640
-3036
-5534
-4294
-1853
-6717
6828
-38
-9508
-7004
1943
-5172
-4563
2393
4605
-6097
-9846
-9707
2383
7422
8717
9719
9896
-4552
-8272
4772
1539
-8130
9913
-4331
-3699
7036
-105
-1295
-6187
1324
335
7674
-5335
5142
-2288
-1745
-3131
-4451
-2354
2664
2759
-9961
2860
-1276
-258
-2469
-9221
2317
-6964
-7808
-8157
-9711
108
-959
-1057
9265
-7350
-2552
-6193
5891
-3270
-5628
5351
5007
1103
-5605
-6451
9630
2624
-5914
9955
8757
1841
-5033
-2623
3932
-3690
6945
2441
-5372
1324
-4462
-8460
6119
-7917
-7069
6542
-5166
1117
-5360
-340
-7294
-69
3978
-7693
1675
-7612
-4978
-1253
-3074
9073
-3729
-4170
-3221
5574
-4902
6513
-6012
3291
-838
8637
-7643
-5231
-6343
5575
-5968
2053
-2648
-8849
6942
-8274
3967
-6569
1109
193
8008
1338
5458
2288
-2245
384
4946
-1090
2211
-241
-5777
8589
-3577
-5052
-2492
3031
6414
-830
-9099
2593
8763
-8344
7411
-3640
-2374
-9461
-8450
-3516
-2403
-5958
-6397
-5648
292
838
-625
1021
-5403
-5977
-2650
-6799
9669
-5514
-1718
-5265
-9946
-8000
-3580
-2060
-3099
-6211
8128
-9532
-6271
4894
-5350
-7515
7808
-7578
4311
-3382
-7185
-485
4310
-2383
8936
7452
-9398
-4750
6520
1558
-7200
305
-3775
1009
-4155
2611
4990
2704
-6804
-9513
-6906
4344
525
-8412
-684
-496
-2551
-4798
3459
-3381
-9418
9797
4799
5282
9590
-9200
-1989
-2841
-9526
-6376
8539
2293
-3961
-5819
8191
-341
-2041
-3808
9816
-7110
9157
1512
6203
-7365
-5726
-9943
-9670
-7352
-3636
-5113
8876
-1565
-129
-9856
-6154
-8583
-8117
2000
323
8652
22
-4300
-6442
-1522
-2106
-5609
-4924
713
-7399
-7489
-8995
-3129
7862
4689
3402
-210
5256
6424
-4997
586
-5816
286
-2910
1428
-1381
-6241
-167
934
-5830
-7845
-4277
7190
9977
1331
-7631
-1306
-8573
556
-6565
6550
-2558
-487
147
8061
-8280
-6246
6140
2424
6280
-4002
6688
2530
-7449
7438
9867
2950
-9806
-6803
-6702
-9582
-1712
6106
-5510
6283
2456
-4264
8115
1702
1318
-9327
-4213
2264
-5686
-5643
1187
-9945
-9087
809
-8167
-9053
-5686
-2242
-1677
9559
-6352
-2016
-9518
-5855
-6802
-9776
-2870
-7838
-4464
-9548
1174
467
2045
-8339
-3706
-3559
7254
-9974
-3844
-488
-5254
-9349
3187
-1686
-5525
-1976
-7831
4019
8788
-94
7959
-2608
203
-6374
-3521
-5585
-685
-4174
-664
-4124
-5626
-9839
1834
-1928
-2512
-1701
-2481
-1822
7774
2272
-8236
-7331
7193
3986
-6897
-1519
-785
-2372
-5197
-5900
529
-7374
-8456
-8075
1024
-26
3062
4182
1005
-2566
7506
-2405
-7273
3032
-1507
-9857
7223
1288
3065
-2099
9188
-1639
-7585
976
4271
-828
-9764
835
9712
-4238
8897
-5332
-2714
2551
-9859
3695
-7304
-8374
-1979
-7874
-3422
-8304
-7340
-3696
7372
-7532
-5321
-7405
-6147
-4514
-8981
-1534
-8879
-6846
-7199
8088
1062
-8073
-989
-5242
2172
-9683
-423
229
2044
-7240
-2835
-4890
-2117
7087
-433
-6512
-421
4475
-7374
-4371
-4370
1930
-4575
-1478
-3097
4963
-9876
-5402
-6262
3262
196
2527
-8735
-1739
-3797
-1883
-4969
-9672
-987
773
-3588
-4451
-8845
-8478
-208
4925
190
-8235
-5059
-9147
8663
3830
902
7714
8959
7579
-1634
3008
1478
-8799
-3940
-3560
-7696
2761
9358
-7675
-3522
-4891
-8885
4888
9802
-7148
4461
-7570
2994
-2614
9406
-3459
1113
-1294
2836
2358
-3927
-648
8824
4486
-9442
-6782
-8373
-642
-1473
3358
-661
-6727
-6129
-637
2897
3023
-381
113
2718
8697
1586
-5957
-5575
-5869
-5769
-5434
-3440
-1067
-7702
-143
2054
6963
-6415
-264
-3345
6973
-8541
4370
-7466
-7036
-7392
-7516
-9088
1636
68
-7150
-5324
2939
-7776
-7856
-6244
-3488
-7257
-9823
-8539
7826
-6778
7871
-8373
1936
5206
1785
-6148
7399
-7719
-7297
2194
2735
-8362
-3464
-4443
-8006
177
-4293
-3037
549
5882
-9699
4414
6642
9856
-5143
3143
1463
-2387
879
-9574
2680
-8247
8444
-1702
2674
41
-686
-9124
-9926
2819
-9389
-8982
4933
-1886
697
3170
-6167
-9958
-3510
-1313
9091
9498
-7410
-4008
5146
9354
9315
8652
-3258
-7954
1259
-9664
-1240
1193
-2394
-4734
2182
-1495
-6170
-6223
-9390
-706
-4002
7550
-442
-4437
1629
-3532
-457
-3869
1242
-2185
-824
-9397
-3922
-9783
-1316
-1786
-6006
-4174
-4398
-6606
5760
-7329
-3570
-1971
-5915
76
8787
5499
-5028
-3712
-6151
2606
-9496
-8777
-7335
-4293
-7636
-989
-7827
-2509
8241
2165
-4456
-2380
-9085
-2408
-3295
1820
-767
-9249
-4793
-5024
-8460
-9696
1423
-8900
1248
3585
3649
-7028
7865
-7085
1076
-8453
-1286
7547
8679
-8230
5263
-1480
3986
-1709
5945
-7134
8541
-6753
-4490
-1680
-2128
-398
-1675
-8866
-5526
-2846
-4911
-1428
-235
-97
7104
4424
-6472
1601
-3029
4016
-4434
-9971
-8455
-4651
-7911
-7056
2638
-7589
-3535
-4950
-5318
-8411
1343
-9391
2062
-8777
-8241
-44
-9110
4147
-9309
-2050
2844
-8568
-4378
-9251
-2931
-5463
-9215
8036
2228
5186
-2961
-146
-4369
1225
5749
9924
-6640
2259
-5232
-5055
4956
-6680
2728
-4587
-8973
-9643
1003
-7449
-503
8585
-484
7965
-6656
-1924
7914
6143
1198
-8050
-4926
-9572
4607
-3825
-5569
2406
-3294
-9372
-186
9376
95
6566
6037
4737
-857
816
-4005
-1743
-3347
-6062
840
-9516
-8644
-8983
-8868
8231
7842
4626
-7988
2639
-5813
9691
-8349
-4337
-8364
894
354
-8582
3453
4009
-2737
-7765
-4545
6304
6635
-3695
4257
-9851
1125
2318
-5786
-2889
-5970
-798
-8918
-8680
6859
-5948
-5843
1363
5265
1904
-6323
-355
-3089
4903
-6438
-1509
-5050
-8717
3654
676
-7779
-4597
-3076
-6168
9370
-6121
-9739
9009
-7379
-6027
5
-8053
-218
-3494
2393
2687
-4685
-3301
-4410
2723
-4061
9038
-3589
1463
-3765
2509
-38
-6040
-3506
-8484
-4729
-5061
-1129
-9941
4701
3972
-3734
5118
6216
-5443
-2184
8331
-6960
214
-710
-1916
-8045
6086
-9288
-5514
-5224
-1619
-183
-4047
-3458
8116
-8320
7111
-4100
-6925
-9211
-6021
8133
-42
-1309
-3885
9
2942
5791
-8276
-8635
-9971
-4814
-5220
-2799
-4928
-8114
-8024
-8928
1334
-7131
-3845
4296
2170
-9173
-323
5630
-1348
-7401
-6690
-5306
-5313
82
117
2250
